100 10
10 6 2 1 4 5 9 9 3 1 
19 23 8
15 18 9
3 5 7
4 6 9
11 15 3
23 2 7
19 22 5
5 7 1
2 5 6
22 1 3
8 11 2
13 16 3
21 23 3
18 20 3
12 14 8
5 8 6
15 19 4
14 16 2
18 20 8
5 9 8
22 0 1
12 14 3
15 18 10
2 3 7
7 11 7
12 15 9
1 4 6
15 18 9
4 7 3
16 18 3
17 22 9
0 3 7
17 18 3
6 8 8
0 4 4
9 11 9
15 19 8
14 15 4
18 21 8
23 3 6
4 6 10
22 3 8
20 0 8
19 22 6
10 13 5
9 12 8
11 14 7
3 5 7
6 9 3
23 2 3
0 2 6
10 14 6
20 23 3
3 6 7
23 2 3
13 17 6
9 11 8
6 9 10
7 10 7
19 20 3
1 3 7
5 8 8
22 2 3
22 0 10
13 17 7
17 21 1
6 11 3
0 1 6
11 15 9
1 3 7
5 7 7
8 12 4
13 17 6
18 19 8
21 0 9
8 11 4
14 16 1
5 8 9
13 15 1
0 1 8
10 12 4
2 4 9
3 4 4
21 23 7
0 5 3
8 9 2
10 15 10
0 5 2
14 17 5
16 20 4
22 0 2
3 6 1
11 16 5
8 11 3
16 21 8
6 10 1
14 17 2
2 5 7
20 20 3
6 10 7
