1000 100
85 43 84 60 89 27 86 11 71 28 12 17 1 92 22 10 87 52 70 53 79 34 20 74 68 89 56 45 88 79 64 62 73 46 52 64 74 82 95 29 11 15 64 75 3 18 24 29 8 44 73 33 24 21 31 58 39 8 28 50 76 10 70 98 46 56 8 23 74 37 70 26 28 10 17 27 80 54 46 16 12 37 92 2 45 50 71 57 92 53 39 29 37 30 69 1 53 94 13 67 
22 2 2
15 18 55
12 15 12
17 18 9
21 1 67
6 10 71
15 18 20
16 18 33
16 18 37
9 12 45
7 10 49
14 17 18
15 18 69
15 17 76
1 3 19
13 17 62
0 3 7
10 13 38
0 3 20
2 6 59
9 12 92
11 15 46
3 4 19
22 3 7
19 22 49
20 21 53
22 2 13
3 7 76
5 8 32
20 1 36
4 8 15
17 20 43
23 1 64
16 19 55
1 6 72
10 12 96
13 17 74
6 8 45
15 19 69
12 16 25
9 13 78
0 4 46
6 8 50
5 8 69
0 3 25
11 15 75
2 6 59
12 15 51
3 6 54
5 7 68
18 22 46
16 20 92
6 10 97
2 6 72
7 11 71
5 9 78
14 16 38
18 21 53
6 8 82
16 18 70
3 4 78
9 12 85
18 21 96
5 9 10
22 0 39
11 14 61
10 13 49
0 2 64
17 21 1
8 9 90
20 23 35
23 2 86
4 7 85
15 16 35
4 7 96
16 19 91
14 17 49
0 4 69
20 1 86
11 12 67
22 0 42
23 3 36
4 8 84
2 6 70
5 9 72
16 18 49
18 20 29
0 3 95
22 2 62
8 11 91
17 20 69
23 1 43
21 23 67
23 2 86
11 13 70
12 15 35
10 12 50
18 20 93
3 6 50
23 2 49
22 0 94
20 0 93
5 9 86
6 10 13
18 22 64
9 13 38
20 23 31
10 13 32
14 17 90
4 7 28
3 6 46
2 5 32
7 10 58
16 20 32
19 22 41
14 18 58
22 2 44
19 22 65
12 14 72
17 21 96
9 11 88
14 16 71
2 5 7
14 17 87
18 21 73
7 9 56
1 4 87
2 6 4
14 17 54
3 6 94
15 18 79
0 3 74
9 13 61
3 6 38
4 5 71
12 16 14
21 1 89
4 5 46
1 4 5
15 18 95
19 22 82
5 9 51
10 12 23
21 0 45
19 20 70
22 1 6
19 22 47
7 9 43
11 15 75
20 22 71
5 5 24
6 7 14
11 15 80
12 15 65
1 4 69
7 9 33
22 1 17
14 17 20
14 17 47
14 17 20
18 21 91
22 1 75
2 5 36
15 18 13
0 3 30
18 21 15
5 7 66
10 14 94
19 21 9
12 16 55
8 11 62
14 17 26
20 23 99
6 9 54
7 12 59
19 21 90
11 15 49
2 6 97
20 22 78
18 21 36
23 2 98
3 8 99
17 19 41
12 15 30
19 23 71
16 18 93
14 18 17
20 23 18
1 5 37
2 5 37
17 20 40
2 6 24
19 21 26
0 4 17
7 9 98
22 2 35
5 9 27
21 21 54
18 22 15
21 2 92
22 3 48
19 23 39
20 23 1
16 20 91
1 2 71
10 13 71
1 4 10
3 6 64
9 12 92
6 10 28
17 21 49
17 20 67
18 20 100
3 6 42
16 22 11
16 20 53
16 18 83
17 19 34
4 8 10
4 8 93
23 3 3
5 9 60
20 23 39
14 19 43
10 15 55
5 8 98
4 6 45
12 14 85
19 20 3
5 10 72
18 21 2
0 3 94
6 8 72
11 13 33
16 17 54
11 14 57
8 11 28
23 2 34
12 16 46
3 7 20
22 1 80
0 4 75
16 19 29
1 5 39
0 1 35
7 11 25
6 10 39
20 23 71
15 19 20
17 21 30
19 20 23
9 14 50
0 3 86
17 22 94
6 8 34
11 15 52
3 4 44
9 12 99
5 9 54
10 15 64
1 4 52
9 11 79
11 15 69
23 1 9
7 10 13
12 16 100
13 17 46
12 16 57
17 19 44
4 8 38
14 18 30
8 11 48
9 11 21
16 19 50
1 5 24
22 2 41
4 7 58
11 15 77
1 3 41
23 2 52
20 23 11
0 2 94
14 15 64
17 21 20
22 3 53
2 4 33
21 23 38
20 23 13
18 21 18
2 5 8
12 14 81
21 23 64
5 9 40
0 3 59
1 5 22
18 21 6
16 18 20
2 6 23
9 14 24
19 22 31
13 16 63
5 8 34
10 13 86
9 12 16
4 5 9
17 20 20
2 5 3
0 4 93
20 0 62
14 17 76
17 19 51
8 10 45
18 21 18
8 10 28
1 4 23
15 16 38
12 16 31
9 15 89
22 1 89
16 19 65
8 11 11
19 21 50
12 14 59
2 4 48
17 19 87
5 8 25
23 2 42
5 7 82
13 18 25
11 14 53
6 10 10
2 7 23
10 14 27
19 23 37
6 8 94
3 6 19
16 21 17
23 2 5
21 0 60
4 4 90
14 18 85
0 4 34
8 11 36
20 23 3
12 15 83
23 2 72
5 10 30
11 15 5
8 14 80
14 16 7
22 2 44
0 3 51
20 23 42
0 4 68
11 12 51
12 14 54
19 21 23
7 12 87
11 14 33
11 13 40
14 18 83
7 10 77
8 9 62
10 12 26
19 23 17
8 10 86
10 12 12
20 21 52
8 12 49
20 22 3
5 8 92
8 11 46
21 23 20
7 10 61
19 22 7
4 9 51
10 13 69
2 5 82
9 13 78
3 6 35
3 6 82
16 17 84
16 20 45
21 0 78
23 2 4
13 15 5
8 12 55
3 6 96
8 11 87
10 13 77
21 0 82
5 10 91
6 8 58
16 19 73
3 5 20
0 4 57
2 6 86
10 12 86
7 10 66
13 16 49
6 9 94
18 19 13
14 20 95
10 14 18
19 21 90
20 0 100
2 7 70
1 4 77
7 10 65
22 1 70
17 20 56
3 5 82
12 16 63
19 22 16
7 9 62
5 9 39
22 2 92
21 2 67
15 18 53
16 19 58
11 15 68
10 11 65
20 23 41
8 11 46
10 11 78
11 14 8
13 16 4
4 7 1
8 11 100
12 15 41
15 18 83
18 20 70
16 16 37
19 22 42
13 16 99
8 12 49
8 13 22
21 22 26
6 10 57
15 17 77
22 1 71
19 20 65
7 8 36
10 14 5
0 3 96
17 20 69
3 6 75
21 23 85
16 19 94
17 21 97
23 3 84
18 20 67
8 12 67
12 15 46
22 1 90
2 7 16
19 0 48
12 14 55
15 19 38
16 19 28
7 10 2
3 3 71
10 14 79
21 1 88
1 3 19
4 7 12
22 2 48
11 12 85
23 0 77
23 2 92
12 16 91
22 0 64
15 18 17
11 14 24
14 18 84
7 9 1
5 7 43
15 18 86
7 10 49
5 9 35
15 16 32
11 14 59
1 5 39
0 4 70
21 0 64
12 14 69
9 13 91
16 19 31
7 11 94
2 4 75
9 10 58
22 0 15
22 3 16
16 19 56
16 21 17
22 1 97
2 5 62
22 1 81
7 10 96
22 0 67
11 14 20
8 13 54
10 12 34
16 19 64
8 11 28
14 16 19
20 22 29
17 19 58
20 0 27
18 18 8
17 20 60
8 11 32
8 11 93
8 9 78
16 20 29
8 11 93
14 17 20
23 2 17
4 7 85
2 6 74
15 17 9
2 3 16
1 4 24
10 13 9
21 0 94
6 10 57
3 5 88
2 4 31
15 17 16
8 12 56
6 9 7
5 9 63
6 9 2
1 4 50
12 16 59
16 17 40
1 4 91
9 11 33
10 12 73
9 11 30
18 20 86
14 17 57
17 20 4
20 23 7
2 4 75
13 16 32
13 16 47
1 5 79
11 13 82
9 10 88
8 10 67
15 17 46
9 10 98
6 10 53
6 9 25
7 10 24
6 7 83
23 0 71
6 7 74
13 16 32
2 5 71
18 20 69
1 5 30
15 19 49
0 3 10
13 19 47
11 14 57
3 5 60
6 8 72
18 21 40
2 6 52
18 19 13
20 21 100
3 6 19
4 6 10
8 11 31
16 20 19
16 18 94
10 12 96
4 7 89
23 2 24
6 8 40
17 21 92
21 2 24
19 23 39
6 10 9
17 19 82
15 19 10
7 11 71
22 2 92
1 7 49
16 19 19
14 15 76
9 12 38
17 20 32
9 12 33
15 18 27
21 1 25
6 7 58
7 10 25
17 18 57
17 22 42
21 21 65
20 22 99
20 0 53
15 18 19
12 15 43
3 4 98
17 18 7
9 11 60
9 12 47
2 4 72
1 4 1
3 4 29
1 4 66
8 10 66
7 10 72
14 16 33
9 12 4
15 17 15
13 16 16
15 18 3
8 11 28
7 11 86
19 23 20
0 2 32
18 21 60
2 4 74
9 13 74
13 16 1
5 7 5
1 6 8
7 9 53
8 11 35
12 16 99
23 2 43
23 3 70
4 7 21
14 17 32
3 6 62
19 23 42
8 11 87
2 6 39
22 2 4
18 21 97
6 10 56
19 22 80
5 8 8
0 3 58
23 2 15
21 1 26
6 10 62
3 7 82
16 18 27
12 16 28
15 20 48
3 4 91
23 1 85
17 21 70
21 0 70
15 19 40
3 5 52
2 6 25
3 7 66
4 6 81
10 12 13
0 3 48
16 18 62
3 5 85
17 21 62
9 12 93
23 3 91
5 9 13
9 13 91
21 0 5
3 6 90
16 19 18
23 3 8
7 9 94
2 7 51
1 5 7
3 6 29
15 17 62
6 9 55
0 3 30
5 7 70
20 0 55
22 23 44
23 2 57
12 16 1
6 9 20
4 6 76
0 4 95
16 19 1
7 9 17
22 1 24
5 8 75
2 4 27
16 19 9
16 19 75
2 4 49
19 0 13
11 15 97
9 13 45
20 21 40
9 11 83
8 12 24
0 3 61
5 9 67
10 13 40
23 2 63
6 9 78
5 9 14
0 4 88
18 23 40
13 14 55
3 8 31
5 8 78
12 16 95
3 5 8
13 17 25
22 1 59
17 20 6
16 19 70
21 0 27
10 13 27
9 12 93
19 22 33
23 3 6
3 5 44
4 6 79
19 21 45
20 0 84
8 11 65
4 7 79
8 12 98
17 19 10
12 15 10
11 13 30
11 12 51
10 11 77
4 8 38
15 18 34
23 1 100
3 7 49
12 15 54
12 16 15
12 14 69
13 17 30
18 19 29
13 17 75
0 3 54
2 6 20
20 23 84
6 8 67
16 20 92
18 22 18
4 6 54
6 10 16
8 10 12
23 2 48
4 7 38
12 15 37
20 22 4
13 17 63
13 15 11
19 22 45
0 5 96
5 9 79
18 20 18
12 16 8
20 22 11
17 20 24
5 9 92
0 2 7
15 19 31
20 22 19
11 13 27
15 20 32
21 2 16
18 22 100
2 5 79
20 22 46
8 10 33
7 10 78
14 19 74
2 8 42
4 6 58
16 18 51
14 17 77
3 5 42
20 23 58
6 8 77
11 14 74
6 10 45
19 22 99
15 18 17
11 15 86
10 11 34
19 22 23
19 22 58
17 19 23
15 18 7
1 4 60
6 9 46
23 2 28
7 12 10
2 5 53
3 6 95
22 0 68
7 10 1
21 23 48
2 5 95
16 18 63
6 8 91
14 14 7
8 11 27
1 5 23
13 15 66
23 2 51
9 12 79
22 1 8
14 17 87
16 20 91
10 14 75
13 17 21
2 5 16
22 1 45
9 13 79
21 1 8
15 16 97
7 11 9
2 6 29
23 2 52
20 21 95
20 23 8
9 12 20
19 20 53
22 1 37
12 17 71
1 3 54
0 4 94
21 0 53
23 1 9
0 4 5
22 2 61
4 8 3
14 17 71
0 3 61
13 17 2
10 11 37
14 17 21
19 20 19
22 2 59
12 15 83
2 6 38
20 22 100
9 10 93
18 22 35
1 4 57
9 14 60
12 15 34
23 3 66
11 16 95
16 18 69
4 6 15
12 15 22
14 16 74
22 1 9
8 13 8
22 1 6
12 15 92
0 5 83
10 13 8
11 14 72
6 9 73
22 0 89
20 1 30
20 22 97
13 15 16
4 5 84
14 17 18
0 2 41
18 22 35
8 12 20
18 22 53
6 8 10
15 19 45
5 8 37
19 23 11
21 23 90
10 12 95
2 6 44
0 4 28
3 6 49
8 11 79
0 5 59
7 9 17
15 18 25
4 8 96
12 15 34
2 5 42
14 17 76
0 3 30
15 18 37
9 12 8
17 20 42
21 22 14
10 13 86
18 21 99
8 12 72
0 4 27
7 9 58
19 22 51
10 13 75
0 2 66
23 3 14
19 20 8
6 9 16
21 23 62
0 3 33
15 18 74
7 9 94
22 0 96
11 15 79
1 6 15
11 13 100
1 6 26
3 4 29
18 21 76
0 3 47
12 14 33
0 4 19
22 0 64
8 11 35
21 1 6
23 3 20
0 2 41
1 3 2
15 18 6
2 6 5
16 19 47
22 1 7
16 19 24
17 20 48
23 2 19
19 22 28
23 2 87
9 12 79
1 4 88
3 8 26
18 22 5
9 11 55
13 16 30
17 20 86
18 21 67
20 22 44
23 2 98
9 12 8
5 7 17
21 23 38
13 16 69
15 18 21
4 7 36
20 23 78
10 11 79
8 12 95
18 21 64
3 6 40
13 18 96
16 20 10
21 2 23
10 14 43
15 18 15
13 15 5
7 10 10
16 17 64
3 4 83
2 4 35
2 6 66
10 12 83
10 13 52
9 10 15
23 3 99
8 10 68
14 18 20
19 22 8
4 8 58
20 21 53
4 6 7
23 3 83
1 3 42
10 13 35
21 0 74
13 16 9
15 19 19
6 10 94
20 23 80
4 7 95
16 18 42
